              precision    recall  f1-score   support

       apple   1.000000  1.000000  1.000000        20
      banana   1.000000  1.000000  1.000000        20
   blackgram   1.000000  0.950000  0.974359        20
    chickpea   1.000000  1.000000  1.000000        20
     coconut   1.000000  1.000000  1.000000        20
      coffee   1.000000  1.000000  1.000000        20
      cotton   1.000000  1.000000  1.000000        20
      grapes   1.000000  1.000000  1.000000        20
        jute   0.952381  1.000000  0.975610        20
 kidneybeans   1.000000  1.000000  1.000000        20
      lentil   1.000000  1.000000  1.000000        20
       maize   0.952381  1.000000  0.975610        20
       mango   1.000000  1.000000  1.000000        20
   mothbeans   1.000000  1.000000  1.000000        20
    mungbean   1.000000  1.000000  1.000000        20
   muskmelon   1.000000  1.000000  1.000000        20
      orange   1.000000  1.000000  1.000000        20
      papaya   1.000000  1.000000  1.000000        20
  pigeonpeas   1.000000  1.000000  1.000000        20
 pomegranate   1.000000  1.000000  1.000000        20
        rice   1.000000  0.950000  0.974359        20
  watermelon   1.000000  1.000000  1.000000        20

    accuracy                       0.995455       440
   macro avg   0.995671  0.995455  0.995452       440
weighted avg   0.995671  0.995455  0.995452       440
